point
420
0.0 0.0 0.0
7.05303030303 0.0 0.0
14.1060606061 0.0 0.0
21.1590909091 0.0 0.0
28.2121212121 0.0 0.0
35.2651515152 0.0 0.0
42.3181818182 0.0 0.0
49.3712121212 0.0 0.0
56.4242424242 0.0 0.0
63.4772727273 0.0 0.0
69.5227272727 0.0 0.0
76.5757575758 0.0 0.0
83.6287878788 0.0 0.0
90.6818181818 0.0 0.0
97.7348484848 0.0 0.0
104.787878788 0.0 0.0
111.840909091 0.0 0.0
118.893939394 0.0 0.0
125.946969697 0.0 0.0
133.0 0.0 0.0
0.0 7.05035971223 0.0
7.05303030303 7.05035971223 0.0
14.1060606061 7.05035971223 0.0
21.1590909091 7.05035971223 0.0
28.2121212121 7.05035971223 0.0
35.2651515152 7.05035971223 0.0
42.3181818182 7.05035971223 0.0
49.3712121212 7.05035971223 0.0
56.4242424242 7.05035971223 0.0
63.4772727273 7.05035971223 0.0
69.5227272727 7.05035971223 0.0
76.5757575758 7.05035971223 0.0
83.6287878788 7.05035971223 0.0
90.6818181818 7.05035971223 0.0
97.7348484848 7.05035971223 0.0
104.787878788 7.05035971223 0.0
111.840909091 7.05035971223 0.0
118.893939394 7.05035971223 0.0
125.946969697 7.05035971223 0.0
133.0 7.05035971223 0.0
0.0 14.1007194245 0.0
7.05303030303 14.1007194245 0.0
14.1060606061 14.1007194245 0.0
21.1590909091 14.1007194245 0.0
28.2121212121 14.1007194245 0.0
35.2651515152 14.1007194245 0.0
42.3181818182 14.1007194245 0.0
49.3712121212 14.1007194245 0.0
56.4242424242 14.1007194245 0.0
63.4772727273 14.1007194245 0.0
69.5227272727 14.1007194245 0.0
76.5757575758 14.1007194245 0.0
83.6287878788 14.1007194245 0.0
90.6818181818 14.1007194245 0.0
97.7348484848 14.1007194245 0.0
104.787878788 14.1007194245 0.0
111.840909091 14.1007194245 0.0
118.893939394 14.1007194245 0.0
125.946969697 14.1007194245 0.0
133.0 14.1007194245 0.0
0.0 21.1510791367 0.0
7.05303030303 21.1510791367 0.0
14.1060606061 21.1510791367 0.0
21.1590909091 21.1510791367 0.0
28.2121212121 21.1510791367 0.0
35.2651515152 21.1510791367 0.0
42.3181818182 21.1510791367 0.0
49.3712121212 21.1510791367 0.0
56.4242424242 21.1510791367 0.0
63.4772727273 21.1510791367 0.0
69.5227272727 21.1510791367 0.0
76.5757575758 21.1510791367 0.0
83.6287878788 21.1510791367 0.0
90.6818181818 21.1510791367 0.0
97.7348484848 21.1510791367 0.0
104.787878788 21.1510791367 0.0
111.840909091 21.1510791367 0.0
118.893939394 21.1510791367 0.0
125.946969697 21.1510791367 0.0
133.0 21.1510791367 0.0
0.0 28.2014388489 0.0
7.05303030303 28.2014388489 0.0
14.1060606061 28.2014388489 0.0
21.1590909091 28.2014388489 0.0
28.2121212121 28.2014388489 0.0
35.2651515152 28.2014388489 0.0
42.3181818182 28.2014388489 0.0
49.3712121212 28.2014388489 0.0
56.4242424242 28.2014388489 0.0
63.4772727273 28.2014388489 0.0
69.5227272727 28.2014388489 0.0
76.5757575758 28.2014388489 0.0
83.6287878788 28.2014388489 0.0
90.6818181818 28.2014388489 0.0
97.7348484848 28.2014388489 0.0
104.787878788 28.2014388489 0.0
111.840909091 28.2014388489 0.0
118.893939394 28.2014388489 0.0
125.946969697 28.2014388489 0.0
133.0 28.2014388489 0.0
0.0 35.2517985612 0.0
7.05303030303 35.2517985612 0.0
14.1060606061 35.2517985612 0.0
21.1590909091 35.2517985612 0.0
28.2121212121 35.2517985612 0.0
35.2651515152 35.2517985612 0.0
42.3181818182 35.2517985612 0.0
49.3712121212 35.2517985612 0.0
56.4242424242 35.2517985612 0.0
63.4772727273 35.2517985612 0.0
69.5227272727 35.2517985612 0.0
76.5757575758 35.2517985612 0.0
83.6287878788 35.2517985612 0.0
90.6818181818 35.2517985612 0.0
97.7348484848 35.2517985612 0.0
104.787878788 35.2517985612 0.0
111.840909091 35.2517985612 0.0
118.893939394 35.2517985612 0.0
125.946969697 35.2517985612 0.0
133.0 35.2517985612 0.0
0.0 42.3021582734 0.0
7.05303030303 42.3021582734 0.0
14.1060606061 42.3021582734 0.0
21.1590909091 42.3021582734 0.0
28.2121212121 42.3021582734 0.0
35.2651515152 42.3021582734 0.0
42.3181818182 42.3021582734 0.0
49.3712121212 42.3021582734 0.0
56.4242424242 42.3021582734 0.0
63.4772727273 42.3021582734 0.0
69.5227272727 42.3021582734 0.0
76.5757575758 42.3021582734 0.0
83.6287878788 42.3021582734 0.0
90.6818181818 42.3021582734 0.0
97.7348484848 42.3021582734 0.0
104.787878788 42.3021582734 0.0
111.840909091 42.3021582734 0.0
118.893939394 42.3021582734 0.0
125.946969697 42.3021582734 0.0
133.0 42.3021582734 0.0
0.0 49.3525179856 0.0
7.05303030303 49.3525179856 0.0
14.1060606061 49.3525179856 0.0
21.1590909091 49.3525179856 0.0
28.2121212121 49.3525179856 0.0
35.2651515152 49.3525179856 0.0
42.3181818182 49.3525179856 0.0
49.3712121212 49.3525179856 0.0
56.4242424242 49.3525179856 0.0
63.4772727273 49.3525179856 0.0
69.5227272727 49.3525179856 0.0
76.5757575758 49.3525179856 0.0
83.6287878788 49.3525179856 0.0
90.6818181818 49.3525179856 0.0
97.7348484848 49.3525179856 0.0
104.787878788 49.3525179856 0.0
111.840909091 49.3525179856 0.0
118.893939394 49.3525179856 0.0
125.946969697 49.3525179856 0.0
133.0 49.3525179856 0.0
0.0 56.4028776978 0.0
7.05303030303 56.4028776978 0.0
14.1060606061 56.4028776978 0.0
21.1590909091 56.4028776978 0.0
28.2121212121 56.4028776978 0.0
35.2651515152 56.4028776978 0.0
42.3181818182 56.4028776978 0.0
49.3712121212 56.4028776978 0.0
56.4242424242 56.4028776978 0.0
63.4772727273 56.4028776978 0.0
69.5227272727 56.4028776978 0.0
76.5757575758 56.4028776978 0.0
83.6287878788 56.4028776978 0.0
90.6818181818 56.4028776978 0.0
97.7348484848 56.4028776978 0.0
104.787878788 56.4028776978 0.0
111.840909091 56.4028776978 0.0
118.893939394 56.4028776978 0.0
125.946969697 56.4028776978 0.0
133.0 56.4028776978 0.0
0.0 63.4532374101 0.0
7.05303030303 63.4532374101 0.0
14.1060606061 63.4532374101 0.0
21.1590909091 63.4532374101 0.0
28.2121212121 63.4532374101 0.0
35.2651515152 63.4532374101 0.0
42.3181818182 63.4532374101 0.0
49.3712121212 63.4532374101 0.0
56.4242424242 63.4532374101 0.0
63.4772727273 63.4532374101 0.0
69.5227272727 63.4532374101 0.0
76.5757575758 63.4532374101 0.0
83.6287878788 63.4532374101 0.0
90.6818181818 63.4532374101 0.0
97.7348484848 63.4532374101 0.0
104.787878788 63.4532374101 0.0
111.840909091 63.4532374101 0.0
118.893939394 63.4532374101 0.0
125.946969697 63.4532374101 0.0
133.0 63.4532374101 0.0
0.0 70.5035971223 0.0
7.05303030303 70.5035971223 0.0
14.1060606061 70.5035971223 0.0
21.1590909091 70.5035971223 0.0
28.2121212121 70.5035971223 0.0
35.2651515152 70.5035971223 0.0
42.3181818182 70.5035971223 0.0
49.3712121212 70.5035971223 0.0
56.4242424242 70.5035971223 0.0
63.4772727273 70.5035971223 0.0
69.5227272727 70.5035971223 0.0
76.5757575758 70.5035971223 0.0
83.6287878788 70.5035971223 0.0
90.6818181818 70.5035971223 0.0
97.7348484848 70.5035971223 0.0
104.787878788 70.5035971223 0.0
111.840909091 70.5035971223 0.0
118.893939394 70.5035971223 0.0
125.946969697 70.5035971223 0.0
133.0 70.5035971223 0.0
0.0 76.5467625899 0.0
7.05303030303 76.5467625899 0.0
14.1060606061 76.5467625899 0.0
21.1590909091 76.5467625899 0.0
28.2121212121 76.5467625899 0.0
35.2651515152 76.5467625899 0.0
42.3181818182 76.5467625899 0.0
49.3712121212 76.5467625899 0.0
56.4242424242 76.5467625899 0.0
63.4772727273 76.5467625899 0.0
69.5227272727 76.5467625899 0.0
76.5757575758 76.5467625899 0.0
83.6287878788 76.5467625899 0.0
90.6818181818 76.5467625899 0.0
97.7348484848 76.5467625899 0.0
104.787878788 76.5467625899 0.0
111.840909091 76.5467625899 0.0
118.893939394 76.5467625899 0.0
125.946969697 76.5467625899 0.0
133.0 76.5467625899 0.0
0.0 83.5971223022 0.0
7.05303030303 83.5971223022 0.0
14.1060606061 83.5971223022 0.0
21.1590909091 83.5971223022 0.0
28.2121212121 83.5971223022 0.0
35.2651515152 83.5971223022 0.0
42.3181818182 83.5971223022 0.0
49.3712121212 83.5971223022 0.0
56.4242424242 83.5971223022 0.0
63.4772727273 83.5971223022 0.0
69.5227272727 83.5971223022 0.0
76.5757575758 83.5971223022 0.0
83.6287878788 83.5971223022 0.0
90.6818181818 83.5971223022 0.0
97.7348484848 83.5971223022 0.0
104.787878788 83.5971223022 0.0
111.840909091 83.5971223022 0.0
118.893939394 83.5971223022 0.0
125.946969697 83.5971223022 0.0
133.0 83.5971223022 0.0
0.0 90.6474820144 0.0
7.05303030303 90.6474820144 0.0
14.1060606061 90.6474820144 0.0
21.1590909091 90.6474820144 0.0
28.2121212121 90.6474820144 0.0
35.2651515152 90.6474820144 0.0
42.3181818182 90.6474820144 0.0
49.3712121212 90.6474820144 0.0
56.4242424242 90.6474820144 0.0
63.4772727273 90.6474820144 0.0
69.5227272727 90.6474820144 0.0
76.5757575758 90.6474820144 0.0
83.6287878788 90.6474820144 0.0
90.6818181818 90.6474820144 0.0
97.7348484848 90.6474820144 0.0
104.787878788 90.6474820144 0.0
111.840909091 90.6474820144 0.0
118.893939394 90.6474820144 0.0
125.946969697 90.6474820144 0.0
133.0 90.6474820144 0.0
0.0 97.6978417266 0.0
7.05303030303 97.6978417266 0.0
14.1060606061 97.6978417266 0.0
21.1590909091 97.6978417266 0.0
28.2121212121 97.6978417266 0.0
35.2651515152 97.6978417266 0.0
42.3181818182 97.6978417266 0.0
49.3712121212 97.6978417266 0.0
56.4242424242 97.6978417266 0.0
63.4772727273 97.6978417266 0.0
69.5227272727 97.6978417266 0.0
76.5757575758 97.6978417266 0.0
83.6287878788 97.6978417266 0.0
90.6818181818 97.6978417266 0.0
97.7348484848 97.6978417266 0.0
104.787878788 97.6978417266 0.0
111.840909091 97.6978417266 0.0
118.893939394 97.6978417266 0.0
125.946969697 97.6978417266 0.0
133.0 97.6978417266 0.0
0.0 104.748201439 0.0
7.05303030303 104.748201439 0.0
14.1060606061 104.748201439 0.0
21.1590909091 104.748201439 0.0
28.2121212121 104.748201439 0.0
35.2651515152 104.748201439 0.0
42.3181818182 104.748201439 0.0
49.3712121212 104.748201439 0.0
56.4242424242 104.748201439 0.0
63.4772727273 104.748201439 0.0
69.5227272727 104.748201439 0.0
76.5757575758 104.748201439 0.0
83.6287878788 104.748201439 0.0
90.6818181818 104.748201439 0.0
97.7348484848 104.748201439 0.0
104.787878788 104.748201439 0.0
111.840909091 104.748201439 0.0
118.893939394 104.748201439 0.0
125.946969697 104.748201439 0.0
133.0 104.748201439 0.0
0.0 111.798561151 0.0
7.05303030303 111.798561151 0.0
14.1060606061 111.798561151 0.0
21.1590909091 111.798561151 0.0
28.2121212121 111.798561151 0.0
35.2651515152 111.798561151 0.0
42.3181818182 111.798561151 0.0
49.3712121212 111.798561151 0.0
56.4242424242 111.798561151 0.0
63.4772727273 111.798561151 0.0
69.5227272727 111.798561151 0.0
76.5757575758 111.798561151 0.0
83.6287878788 111.798561151 0.0
90.6818181818 111.798561151 0.0
97.7348484848 111.798561151 0.0
104.787878788 111.798561151 0.0
111.840909091 111.798561151 0.0
118.893939394 111.798561151 0.0
125.946969697 111.798561151 0.0
133.0 111.798561151 0.0
0.0 118.848920863 0.0
7.05303030303 118.848920863 0.0
14.1060606061 118.848920863 0.0
21.1590909091 118.848920863 0.0
28.2121212121 118.848920863 0.0
35.2651515152 118.848920863 0.0
42.3181818182 118.848920863 0.0
49.3712121212 118.848920863 0.0
56.4242424242 118.848920863 0.0
63.4772727273 118.848920863 0.0
69.5227272727 118.848920863 0.0
76.5757575758 118.848920863 0.0
83.6287878788 118.848920863 0.0
90.6818181818 118.848920863 0.0
97.7348484848 118.848920863 0.0
104.787878788 118.848920863 0.0
111.840909091 118.848920863 0.0
118.893939394 118.848920863 0.0
125.946969697 118.848920863 0.0
133.0 118.848920863 0.0
0.0 125.899280576 0.0
7.05303030303 125.899280576 0.0
14.1060606061 125.899280576 0.0
21.1590909091 125.899280576 0.0
28.2121212121 125.899280576 0.0
35.2651515152 125.899280576 0.0
42.3181818182 125.899280576 0.0
49.3712121212 125.899280576 0.0
56.4242424242 125.899280576 0.0
63.4772727273 125.899280576 0.0
69.5227272727 125.899280576 0.0
76.5757575758 125.899280576 0.0
83.6287878788 125.899280576 0.0
90.6818181818 125.899280576 0.0
97.7348484848 125.899280576 0.0
104.787878788 125.899280576 0.0
111.840909091 125.899280576 0.0
118.893939394 125.899280576 0.0
125.946969697 125.899280576 0.0
133.0 125.899280576 0.0
0.0 132.949640288 0.0
7.05303030303 132.949640288 0.0
14.1060606061 132.949640288 0.0
21.1590909091 132.949640288 0.0
28.2121212121 132.949640288 0.0
35.2651515152 132.949640288 0.0
42.3181818182 132.949640288 0.0
49.3712121212 132.949640288 0.0
56.4242424242 132.949640288 0.0
63.4772727273 132.949640288 0.0
69.5227272727 132.949640288 0.0
76.5757575758 132.949640288 0.0
83.6287878788 132.949640288 0.0
90.6818181818 132.949640288 0.0
97.7348484848 132.949640288 0.0
104.787878788 132.949640288 0.0
111.840909091 132.949640288 0.0
118.893939394 132.949640288 0.0
125.946969697 132.949640288 0.0
133.0 132.949640288 0.0
0.0 140.0 0.0
7.05303030303 140.0 0.0
14.1060606061 140.0 0.0
21.1590909091 140.0 0.0
28.2121212121 140.0 0.0
35.2651515152 140.0 0.0
42.3181818182 140.0 0.0
49.3712121212 140.0 0.0
56.4242424242 140.0 0.0
63.4772727273 140.0 0.0
69.5227272727 140.0 0.0
76.5757575758 140.0 0.0
83.6287878788 140.0 0.0
90.6818181818 140.0 0.0
97.7348484848 140.0 0.0
104.787878788 140.0 0.0
111.840909091 140.0 0.0
118.893939394 140.0 0.0
125.946969697 140.0 0.0
133.0 140.0 0.0
